(
  [ [7]
  , [11]
  , [11]
  , [8,5]
  , [5,6,3,1,5]

  , [8,7,7,1]
  , [17,8,2]
  , [28,2]
  , [20,2]
  , [18,3]

  , [16,2]
  , [16,2]
  , [16,2]
  , [8,7,5]
  , [7,7,6]

  , [8,6,8]
  , [7,6,2,6]
  , [7,9,6]
  , [7,11,5]
  , [6,14,4]

  , [6,16,4]
  , [5,16,2]
  , [5,5,4,7]
  , [4,2,3,6]
  , [4,3,4]

  , [4,3]
  , [5,4]
  , [5,5]
  , [13,8]
  , [12,6,6]

  , [11,6,4]
  , [9,1,5,2]
  , [8,2,4,4,3]
  , [6,2,1,3,8,2]
  , [6,1,1,3,6,2,1]

  , [5,2,2,2,4,1,1]
  , [5,1,5,1,4,1,1]
  , [4,1,3,2,4,2]
  , [4,1,2,4,2]
  , [11,2,4,1,1,1]

  , [11,2,2,2,1,1]
  , [9,2,13]
  , [9,5,1,13]
  , [6,1,3,1,1,12]
  , [5,3,1,1,5,10]
  ]
  ,

  [ [12,2]
  , [1,17,3]
  , [2,24]
  , [2,26]
  , [3,20,7]
 
  , [3,9,7,5]
  , [5,10,5,4]
  , [6,9,5,1,4]
  , [17,4,1,1,4]
  , [15,1,4,2,4,1]

  , [15,2,4,2,3,1]
  , [12,4,4,5,2,1]
  , [10,4,3,2,4,1]
  , [9,4,3,1,1,1,1,1]
  , [8,4,3,1,1,7]

  , [9,5,3,11]
  , [21,4,2]
  , [21,4,1,1]
  , [20,4,2]
  , [5,16,3,1,1]

  , [4,15,3,4,2]
  , [4,17,3,8,1]
  , [5,9,6,3,9]
  , [12,8,3,7,3]
  , [10,2,6,2,3,4]

  , [3,4,3,6,2,3,5]
  , [3,4,4,5,1,3,4]
  , [4,3,6,3,2,2,4]
  , [7,9,2,2,2,5]
  , [5,3,8,2,1,1,4]

  , [2,2,7,2,1,5]
  , [2,3,7,2,1,1,4]
  , [1,2,5,4,3,4]
  , [2,4,2,4]
  , [8,3]
  ]
)
